node	a_force.x	a_force.y	g_force.x	g_force.y	r_force.x	r_force.y	global_speed	move_node.x	move_node.y
0	500.143555	-5280.731934	1.817806	-0.834016	13.934205	-9.373705	1.500000	8.569933	-87.891747
1	93580.460938	350766.250000	20.535416	74.211159	293.993164	1863.129272	1.500000	190.091278	714.052002
2	21391.884766	57320.218750	10.011397	30.393618	261.422607	-15.018456	1.500000	106.816895	282.708618
3	152641.781250	-119730.000000	35.033470	-26.620598	799.215576	-587.357849	1.500000	424.845428	-333.130646
4	-3779.774902	-1253.160156	-2.950328	0.543659	-41.845196	7.838984	1.500000	-72.920448	-23.733316
5	-331714.687500	-156028.093750	-71.034485	-36.798130	-1238.508057	-945.871399	1.500000	-671.284485	-316.490173
6	-509.034180	-8282.123047	0.377950	-1.963964	3.207993	-50.307888	1.500000	-6.714648	-110.718605
7	-2854.198730	-3914.170898	-1.886557	0.664006	-20.952307	3.634662	1.500000	-49.988132	-67.933502
8	1337.460205	-7680.696777	1.255014	-1.557222	12.637172	-65.245995	1.500000	18.492659	-106.021065
9	1517.242676	-2973.869873	1.754659	0.959776	38.911709	6.200589	1.500000	32.503109	-61.895309
10	174.941406	-7606.629395	0.825213	-1.821819	4.248578	-45.146435	1.500000	2.496479	-106.141296
11	-1030.327148	-1645.024902	0.526890	2.953368	-40.209858	69.538971	1.500000	-29.496315	-43.348999
12	1303.953613	-6912.238770	1.446307	-1.381375	-35.539234	-42.922424	1.500000	18.316797	-100.342979
13	-4357.338379	-7245.603027	-2.487643	-1.676793	99.393257	-107.544006	1.500000	-56.100735	-96.847176
14	2871.197754	-8647.296875	1.405027	-1.423340	41.459549	-47.914700	1.500000	36.951195	-110.275993
15	674.586426	-3630.270508	1.827312	0.812978	30.488991	-4.193426	1.500000	14.041425	-72.176277
16	-1203.906738	-6327.025391	0.039446	-1.999611	-12.334406	-11.156552	1.500000	-18.352102	-95.671394
17	-906.148926	-8799.656250	0.154329	-1.994037	3.787999	-53.908405	1.500000	-11.611283	-113.969887
18	-14693.990234	-4814.054199	-3.797422	-1.256817	-201.694763	86.734421	1.500000	-145.005692	-46.019745
19	-2875.095703	-7912.508301	-0.860434	-1.805451	-1.481539	-41.065823	1.500000	-37.978165	-104.999908
20	11080.088867	-4043.367676	2.931153	-0.639017	72.608528	-2.237029	1.500000	124.488899	-45.153183
21	-1869.855957	-4713.458008	-1.877357	-0.689587	-9.277337	-8.432022	1.500000	-31.945869	-80.205177
22	3644.871582	3230.135986	0.345810	2.980003	-36.143681	54.142101	1.500000	62.532810	56.956844
23	-5903.507324	-6584.571777	-1.823269	-0.822003	-191.297333	1.412520	1.500000	-78.151093	-84.398384
24	3317.757812	-1387.876465	1.654721	1.123343	55.462254	16.502037	1.500000	67.572670	-27.435539
25	3165.680176	-3508.912598	1.952918	0.431407	53.732609	7.503781	1.500000	56.530689	-61.437508
26	3729.615723	-4648.164551	1.998886	-0.066746	62.368103	-4.828312	1.500000	59.343914	-72.781334
27	-2867.567871	-1968.042236	-1.086716	1.679002	-32.400711	22.600636	1.500000	-59.306568	-39.736477
28	1163.718506	-4790.705078	1.983733	-0.254562	28.946791	0.037086	1.500000	20.583042	-82.544563
29	-6207.456543	-2966.695557	-1.912943	0.583652	-49.799370	22.273184	1.500000	-91.277573	-42.930016
30	-713.879395	-2534.481934	0.521824	1.930725	-214.086456	-27.982292	1.500000	-21.430952	-59.167641
31	-3872.844727	-8919.398438	-1.020494	-1.720056	-8.738762	-53.157330	1.500000	-47.694588	-110.241547
32	-11680.633789	-1040.680664	-2.626787	1.449135	-65.931404	41.573673	1.500000	-131.527435	-11.168370
33	-4994.933105	-9262.431641	-1.235388	-1.572837	-23.574902	-57.700382	1.500000	-59.278980	-110.081596
34	-9715.551758	-7222.750000	-2.985264	-0.296982	-50.049763	38.650982	1.500000	-107.847366	-79.317299
35	-4450.818848	-9359.267578	-1.099694	-1.670531	-13.692824	-57.768959	1.500000	-53.144253	-112.089882
36	2490.062500	-3322.286865	1.909805	0.593837	49.436554	8.273170	1.500000	47.565918	-62.015182
37	-2103.070312	-8343.408203	-0.339900	-2.980683	-5.281208	-20.180235	1.500000	-27.561157	-109.353317
38	-2323.832031	-4253.723633	-1.956963	0.412669	-14.547479	-1.310251	1.500000	-40.656837	-73.912216
39	707.580811	-6007.686035	1.574599	-1.233142	7.345056	-9.061478	1.500000	11.155194	-93.693939
40	-5240.817383	-3736.171875	-2.334357	1.884350	-38.321663	12.690091	1.500000	-79.664078	-56.135361
41	3207.523438	-6189.474121	1.867174	-0.716701	65.461166	-13.706649	1.500000	47.424644	-89.841522
42	-5052.394043	-6661.656738	-1.736269	-0.992658	119.325462	-7.913987	1.500000	-65.760635	-88.891182
43	-5433.395020	-890.287598	-1.518900	1.301132	-38.951057	32.667191	1.500000	-89.090134	-13.937057
44	734.119629	-10485.365234	1.550702	-2.568137	28.763800	-87.474373	1.500000	9.020722	-124.795303
45	3219.988770	-6205.993652	0.164072	-2.995510	3.425871	-54.375229	1.500000	46.586769	-90.517403
46	1547.176025	-2007.317627	1.495581	1.327869	46.708939	15.027788	1.500000	38.068375	-47.507595
47	-2639.007324	-1591.821533	-0.871189	1.800286	-42.278828	28.263088	1.500000	-58.112579	-33.837608
48	3358.107910	-2589.635254	2.264670	-1.967554	2.161079	-14.328512	1.500000	62.359764	-48.328239
49	1869.868164	-3220.258545	1.853256	0.751959	42.876118	5.127979	1.500000	37.831055	-63.513775
50	3216.928711	417.437500	1.345842	1.479429	46.681816	34.546803	1.500000	68.671608	9.537665
51	144.594971	-1294.620605	0.796961	1.834354	30.989304	-0.864652	1.500000	5.846355	-42.879528
52	-180.727783	-8205.621094	0.547407	-1.923628	10.309796	-48.815216	1.500000	-2.269025	-110.283173
53	-4002.467773	493.828613	-0.970669	1.748657	-33.654037	43.641460	1.500000	-76.496056	10.217275
54	264.776611	-296.499023	0.676730	1.882030	116.769035	-72.196320	1.500000	19.641859	-18.850023
55	-2789.735840	345.686523	-0.611165	1.904331	-31.750286	49.242908	1.500000	-63.769600	8.967059
56	-700.728516	-6583.824219	0.497352	-1.937173	6.148860	-29.194798	1.500000	-10.319963	-98.354431
57	-3119.666016	-2754.734619	-1.472464	1.353459	-33.772770	16.650520	1.500000	-59.043732	-51.217571
58	-521.359375	-5554.672852	1.113649	-1.661260	7.350085	-12.139261	1.500000	-8.309463	-90.215332
59	-920.900391	-6251.211426	0.355361	-1.968176	8.668928	-15.843576	1.500000	-13.889152	-95.486046
60	-1473.014160	-9055.373047	-0.101643	-1.997416	1.744324	-52.929607	1.500000	-18.600733	-115.170288
61	29.178955	-6927.449707	0.921536	-1.775041	4.325689	-30.795219	1.500000	0.500492	-101.185577
62	1661.429932	388.559570	1.023609	1.718204	60.778690	51.445324	1.500000	49.088654	12.583093
63	-19608.398438	-12467.271484	-4.606750	-1.943670	-368.362335	225.347519	1.500000	-159.013702	-97.437843
64	-1522.871094	-926.893555	-0.158458	1.993713	-35.967812	31.376947	1.500000	-44.191948	-25.328150
65	3099.879395	-5307.554688	1.964790	-0.373632	60.084255	-2.797319	1.500000	48.751751	-81.882652
66	2214.665283	-3757.137207	1.957361	0.410780	46.066616	5.309709	1.500000	41.358150	-68.569550
67	-3878.053223	-4967.674316	-1.966965	-0.362009	-10.711345	6.293576	1.500000	-59.399326	-75.750328
68	761.363037	-4882.133301	1.961239	-0.391846	21.144171	-3.728867	1.500000	13.500771	-84.092834
69	-1749.724121	-5975.472656	-0.645755	-1.892882	-10.124637	-19.485115	1.500000	-26.994816	-91.953682
70	-2454.510742	-1541.072021	-0.763195	1.848657	-18.108686	32.552151	1.500000	-55.448116	-33.776463
71	-2905.664062	-156.851562	-0.718622	1.866436	-33.790844	40.455791	1.500000	-65.400192	-2.547549
72	-5400.774902	-3026.941650	-1.887844	0.660338	-46.116695	27.166119	1.500000	-83.750816	-46.098114
73	-187.464355	-2923.745605	1.119582	1.657268	43.893589	-30.375721	1.500000	-3.161497	-65.525719
74	-5857.491699	-8109.977051	-1.572641	-1.235637	-44.342651	-68.559006	1.500000	-71.406693	-98.941269
75	16727.343750	-3794.354980	3.998037	0.125291	109.051903	14.685959	1.500000	156.025345	-35.017300
76	-3396.744629	-165.067383	-2.848187	0.942247	-39.879265	26.976751	1.500000	-70.813606	-2.823681
77	2058.692139	2739.119629	0.997467	1.733511	60.933529	44.157726	1.500000	43.300503	56.866516
78	283.551514	1188.322266	0.566149	1.918196	5.309116	11.081458	1.500000	9.855004	40.905083
79	-2867.133301	-6314.539551	-0.908982	-1.781503	-1.841070	-51.832394	1.500000	-41.649101	-92.417725
80	1059.158447	-4842.474121	1.018801	-1.721059	5.685877	-40.630497	1.500000	18.250980	-83.643883
81	-824.364746	-1801.396484	-1.487003	1.337468	-7.026998	-4.673851	1.500000	-22.468590	-48.686329
82	2198.118408	222.361572	1.586289	1.218067	46.406448	8.289126	1.500000	56.913002	5.875199
83	4028.659180	-2115.739258	1.998915	-0.065874	48.853931	-4.284680	1.500000	72.810410	-37.839005
84	-3862.041504	-2796.285156	-1.935868	-0.502408	-6.541126	13.710739	1.500000	-67.854134	-48.790180
85	2706.518799	-1391.772949	1.971716	0.335163	38.836079	-3.562416	1.500000	59.738449	-30.333174
86	-3539.627441	-5274.364746	-1.315687	-1.506309	3.584069	-51.051994	1.500000	-53.630413	-80.762276
87	-750.895020	-4015.622070	-0.101851	-1.997405	-16.585987	-36.743698	1.500000	-14.451097	-76.330490
88	2496.423340	-6013.579590	1.225719	-1.580384	30.433016	-57.287998	1.500000	37.796394	-90.786797
89	3858.361816	1563.710449	1.574991	1.232641	53.678200	27.330860	1.500000	72.825310	29.629347
90	-3325.826172	2332.306152	-1.058840	1.696720	-36.085991	37.887012	1.500000	-63.398193	44.714500
91	-1970.677734	-2842.274902	-1.665502	-1.107296	-8.925056	-13.358734	1.500000	-40.592148	-58.528782
92	-293.232422	-5581.344238	0.194086	-1.990561	-1.824064	-44.773941	1.500000	-4.758697	-90.830414
93	-1825.955078	-5679.040527	-0.605009	-1.906296	-1.282103	-42.465870	1.500000	-28.579943	-89.490654
94	3884.177734	-362.448242	1.885943	0.665747	54.708988	12.840145	1.500000	75.750755	-6.707479
95	-3716.380371	-726.022949	-1.855372	0.746723	-22.783478	26.733700	1.500000	-73.300880	-13.687106
96	3072.277344	-210.104004	1.809314	0.852280	50.243824	13.596741	1.500000	67.407356	-4.221248
97	-4250.220215	-398.963135	-1.834933	0.795625	-37.074459	30.158388	1.500000	-79.079277	-6.785028
98	-1710.542969	-5890.919434	-0.522929	-1.930426	1.028720	-49.613853	1.500000	-26.359886	-91.601982
99	-4237.502441	-1241.943359	-1.961007	0.393003	-52.147663	39.224327	1.500000	-77.780853	-21.790880
100	-2813.543945	7078.687988	0.099075	1.997544	-56.000183	63.778320	1.500000	-39.682510	98.803185
101	-6225.000000	9201.986328	-2.536681	1.601640	-57.070572	45.551712	1.500000	-72.230141	106.302116
102	-6601.046875	3502.259766	-1.897186	0.632997	-36.327812	27.138987	1.500000	-92.897697	49.392735
103	-7760.953125	6908.586426	-1.432340	1.395852	-36.149136	33.573215	1.500000	-92.728996	82.562836
104	-916.688477	7110.618652	0.813127	1.827245	79.280029	66.118538	1.500000	-11.937855	102.435013
105	66.927979	6770.695312	1.146748	1.638587	61.193371	33.656208	1.500000	1.900096	100.040390
106	1037.555664	-890.539551	1.573296	-1.234804	56.487846	-43.098152	1.500000	34.612942	-29.534678
107	-4476.949219	1757.533203	-1.861897	-0.730301	-12.908997	-5.557300	1.500000	-78.308815	30.531301
108	-4877.252930	4710.305664	-1.213914	1.589470	-40.716579	19.159592	1.500000	-72.212852	69.451195
109	-2326.875977	20.134766	0.600289	-1.907788	6.643964	-33.659355	1.500000	-58.002876	-0.385890
110	-4057.511719	4969.954102	-0.710327	1.869609	-26.336975	20.169209	1.500000	-61.661648	75.360527
111	888.742676	27.975586	1.729094	-1.005104	77.813400	-24.978580	1.500000	37.136261	0.076395
112	-3645.519043	-2348.267090	-0.253351	-1.983888	-2.411419	-53.595936	1.500000	-66.773148	-43.997917
113	1223.643066	5657.147949	1.575825	1.231574	47.343872	22.402935	1.500000	20.210716	90.221687
114	-6644.555664	-2000.648926	-1.279638	-1.537051	-18.531002	-56.234539	1.500000	-96.784668	-29.893841
115	-3990.164551	3958.648682	-0.994334	1.735310	-24.960951	7.724603	1.500000	-64.758316	63.984146
116	-7606.360352	2666.528809	-1.994153	0.152813	-47.607948	21.687618	1.500000	-103.157867	36.223606
117	-4065.712402	-790.659180	-0.621441	-1.901003	-0.605080	-35.508663	1.500000	-76.348328	-15.545280
118	-6515.611328	1590.083496	-1.957372	-0.410723	-16.812828	21.343441	1.500000	-96.591743	23.814173
119	-6566.471680	5984.448730	-1.384317	1.443491	-36.366299	33.826015	1.500000	-84.832024	77.324005
120	-3983.697266	6917.204590	-0.397978	1.960003	-33.817307	47.440243	1.500000	-54.377865	94.285019
121	70.744629	470.606934	1.721165	-1.018621	46.615425	50.826340	1.500000	6.096651	26.643877
122	-6657.734375	-989.455566	-1.474422	-1.351325	-3.180722	-72.517891	1.500000	-98.363464	-15.698913
123	-456.259033	1881.761230	1.972373	-0.331276	36.362782	-3.979496	1.500000	-11.457673	51.471630
124	1036.450195	633.613770	1.849164	-0.761966	61.921288	-7.969164	1.500000	37.031734	21.032585
125	-782.503662	395.687500	1.525688	-1.293165	-5.381548	-7.046433	1.500000	-31.655943	15.593207
126	-7080.832031	3522.987549	-1.916136	0.573081	-45.063339	21.415640	1.500000	-96.955025	48.220028
127	-2260.736816	2690.397461	1.808071	0.854915	9.260693	-10.691998	1.500000	-45.941887	54.741421
128	-1509.679199	2379.655273	1.998365	0.080849	17.431150	-5.172702	1.500000	-33.947781	54.092384
129	-4336.854004	5262.513672	-0.800930	1.832624	-38.639889	36.816105	1.500000	-64.015587	77.544434
130	-2305.393555	5089.730469	0.518580	1.931599	9.024169	29.899199	1.500000	-37.127819	82.824371
131	-3463.237305	3504.994385	-0.657672	1.888774	-19.782455	-4.741752	1.500000	-60.008892	60.326904
132	-4928.140625	5887.798828	-0.931205	1.769988	-36.886566	35.976952	1.500000	-68.534378	81.777489
133	29.936035	1972.996582	1.987613	-0.222248	39.384533	1.159577	1.500000	1.929616	53.415096
134	-5206.517578	6880.212891	-0.854704	1.808171	-34.371002	42.731133	1.500000	-68.288834	90.214867
135	-4726.953613	4226.533203	-1.320002	1.502530	-27.795391	18.472593	1.500000	-72.210838	64.474205
136	1113.018066	-1239.460449	1.520539	-1.299216	50.776463	-45.159512	1.500000	33.601746	-37.079334
137	-7987.258789	-2127.967285	-1.486362	-1.338181	-38.936874	-53.439289	1.500000	-106.838104	-29.049553
138	-4913.315430	4973.230469	-1.148786	1.637160	-42.951523	31.083252	1.500000	-71.638870	72.340210
139	4364.505859	-578.208008	0.085678	-1.998164	-4.683413	-38.244549	1.500000	79.489586	-11.275564
140	217.555664	-414.452148	-1.677723	-1.088689	28.229053	-150.991867	1.500000	11.654029	-27.047127
141	4546.282715	-859.729492	0.195768	-1.990396	-2.152447	-41.007553	1.500000	80.797798	-16.050442
142	7837.338867	-1710.908203	1.353006	-1.472880	38.011669	-53.036594	1.500000	106.406250	-23.849010
143	6559.470703	2331.205078	1.996757	0.113854	29.871487	1.802641	1.500000	95.608406	33.842262
144	5397.550293	-1773.836914	0.557022	-1.920866	12.855758	-58.258484	1.500000	86.738022	-29.399361
145	2322.521973	-904.297363	-1.053359	-1.700128	0.927504	-36.568951	1.500000	55.902649	-22.688620
146	8044.696289	4862.830078	1.637639	1.148103	50.713848	15.988029	1.500000	101.142838	60.957191
147	7329.500488	-879.897949	1.415345	-1.413082	36.695980	-76.978180	1.500000	103.703400	-13.488478
148	5479.432617	3362.982666	1.455050	1.372163	28.083385	-18.853500	1.500000	83.195892	50.523407
149	5821.902344	6276.460449	0.721279	1.865410	97.033875	-57.854939	1.500000	77.555313	81.496368
150	4971.998535	7098.494629	0.293403	1.978362	-68.047264	108.051109	1.500000	63.769421	93.731773
151	5231.797363	2088.562988	1.987524	-0.223047	11.027187	-9.622849	1.500000	84.600716	33.530445
152	587.837891	3248.084229	-1.922519	0.551291	-42.519775	21.776054	1.500000	11.396940	68.592209
153	4689.398926	1678.067871	1.296949	-1.522473	6.222357	-12.016409	1.500000	80.558716	28.549015
154	2950.118164	-2237.661133	-0.560475	-1.919861	-2.448604	-52.619980	1.500000	58.292706	-45.338840
155	5946.754883	1876.108398	1.964871	-0.373205	14.337939	-4.172361	1.500000	91.435959	28.698046
156	2194.781738	-798.528320	-1.129185	-1.650740	-0.904597	-33.210125	1.500000	54.529358	-20.724760
157	5863.273438	-1259.445312	0.847405	-1.811603	11.030499	-53.573685	1.500000	91.770470	-20.537781
158	2337.458496	1131.178711	-1.745158	-0.976946	-8.386072	-9.708785	1.500000	55.197338	26.574772
159	5918.654297	6443.443359	0.733539	1.860624	135.211929	-14.796850	1.500000	78.223495	83.080093
160	4204.235840	6949.610840	-0.017335	1.999925	-50.167747	57.211422	1.500000	55.859612	94.247719
161	386.041016	957.367188	-1.903859	-0.612635	-9.700605	44.820435	1.500000	13.682570	36.599304
162	6659.335938	6423.975586	0.992216	1.736522	73.510338	25.276291	1.500000	84.688019	81.130791
163	4924.363770	847.202637	0.897518	-1.787306	6.489859	-17.557114	1.500000	84.439056	14.174189
164	4633.852539	-545.299805	0.280269	-1.980265	1.089481	-37.883415	1.500000	82.074257	-10.361288
165	1970.558105	-1685.713867	-1.010598	-1.725889	-2.894310	-47.004078	1.500000	46.298737	-40.832066
166	1400.089844	5910.789551	-1.216813	1.587251	-36.537411	33.632549	1.500000	21.141962	92.275604
167	5249.743164	696.361816	1.111238	-1.662874	9.315341	-17.589828	1.500000	87.482071	11.261024
168	4005.768555	-1352.423828	-0.134640	-1.995463	-2.272714	-43.232964	1.500000	74.363403	-25.961733
169	7221.324219	5664.320801	1.303061	1.517245	55.516026	18.459520	1.500000	91.976494	71.834480
170	1256.810059	1876.513184	-1.988439	-0.214736	-16.604853	13.938102	1.500000	31.363319	47.878628
171	2387.323730	2160.025879	-1.999554	-0.042220	-17.586292	0.538220	1.500000	50.492317	46.073421
172	5924.879883	6959.031250	0.665481	1.886037	116.687836	111.873581	1.500000	76.082802	89.059464
173	5747.475098	6970.772461	0.600543	1.907708	118.517944	168.143097	1.500000	74.111168	90.208160
174	2937.104492	374.564453	-1.165397	-1.625377	-5.593064	-22.408392	1.500000	65.085411	7.785579
175	8261.110352	5849.775391	1.479902	1.345322	49.061230	26.741179	1.500000	100.082489	70.776703
176	2171.069824	-2644.415039	-0.787352	-1.838498	-3.319971	-56.144291	1.500000	44.476490	-55.466141
177	1654.037598	-2461.160156	-0.971931	-1.747956	-6.856182	-60.927849	1.500000	36.190952	-55.485035
178	8626.455078	5286.835938	1.634801	1.152140	45.048950	15.216826	1.500000	104.506813	63.900810
179	3232.937988	1968.742676	-1.950096	-0.443990	-13.793672	-7.251704	1.500000	63.349346	38.614719
180	-411.569336	3911.929932	-1.877086	0.690325	-45.081120	26.618162	1.500000	-8.803378	75.630318
181	5129.922852	-303.044922	0.666541	-1.885662	4.197773	-36.462772	1.500000	86.678795	-5.762956
182	4669.614258	-911.899414	0.270197	-1.981664	3.660803	-42.437866	1.500000	81.905190	-16.759752
183	5240.210938	-2616.182617	0.404626	-1.958642	10.016546	-56.001186	1.500000	82.892761	-42.217239
184	2582.571777	1169.969238	-1.700571	-1.052644	-8.849035	-12.012927	1.500000	58.418625	26.276869
185	7895.032227	2547.816406	1.990941	0.190145	47.071159	-1.242973	1.500000	105.579803	33.847397
186	7893.377441	-1009.208984	1.501783	-1.320852	52.031925	-56.116673	1.500000	107.712029	-14.457260
187	-445.262695	2526.691895	-1.995145	0.139271	-54.961906	20.739920	1.500000	-11.880453	60.265060
188	796.716797	4010.646729	-1.770622	0.929999	-33.642090	31.026030	1.500000	14.354754	76.225189
189	4344.358887	2442.256348	0.754252	1.852324	-0.115596	-4.211124	1.500000	74.522484	41.847488
190	9232.105469	1313.903809	1.969204	-0.349619	60.345165	-8.944358	1.500000	116.518120	16.355045
191	3138.926270	111.609863	-0.936608	-1.767135	-5.375940	-26.676735	1.500000	67.551323	1.793381
192	3516.383301	3501.398193	-0.977034	1.745109	-22.434484	0.661663	1.500000	60.122433	60.308926
193	2497.344238	851.273438	-1.583794	-1.221309	-5.412725	-15.986073	1.500000	58.582500	19.620422
194	3635.128418	4438.716797	-0.525852	1.929632	-31.636801	14.547724	1.500000	57.673748	71.315643
195	7666.910645	1931.994141	1.993926	-0.155752	42.956280	1.777022	1.500000	104.965569	26.318272
196	3197.541016	1505.268066	-1.667464	-1.104339	-7.853799	-11.119786	1.500000	64.914207	30.401253
197	6475.843262	6575.589844	0.908168	1.781918	82.319366	32.635742	1.500000	82.548096	83.189110
198	5440.263672	424.488770	1.116943	-1.659048	7.571078	-20.033537	1.500000	89.297577	6.601032
199	8806.301758	6731.270508	1.418698	1.409715	49.156830	28.693247	1.500000	101.972755	77.846382
200	6441.353027	5409.768555	1.129114	1.650788	51.993595	6.422121	1.500000	85.728867	71.516975
201	4125.981445	3043.165039	-0.280250	1.980268	-11.144706	-9.286697	1.500000	69.676582	51.409660
202	-752.545898	2389.152832	-1.998558	0.075934	-54.055252	20.866472	1.500000	-19.328766	57.610909
203	416.751953	-1247.394531	-1.486422	-1.338114	-15.752909	-76.155327	1.500000	12.870881	-42.683182
204	1246.693848	3469.545166	-1.841582	0.780112	-13.574071	29.444786	1.500000	24.430326	69.440445
205	6041.756348	-812.766113	1.024429	-1.717715	10.201744	-49.962959	1.500000	93.826782	-13.399720
206	-369.656250	-2110.882812	-1.461677	-1.365101	-34.956287	-57.550205	1.500000	-10.404503	-55.594906
207	4145.738770	1855.161621	-0.556458	-1.921030	-5.505349	-12.223193	1.500000	74.421463	33.097061
